 ID: 1 | Phung Cong Nguyen ĐÃ ĐƯỢC NHẬN DIỆN VÀO LÚC | 2023-05-03 17:39:25.513034
 ID: 2 | Phung Cong Nguyen ĐÃ ĐƯỢC NHẬN DIỆN VÀO LÚC | 2023-05-03 17:39:40.643590
 ID: 3 | Phung Cong Nguyen ĐÃ ĐƯỢC NHẬN DIỆN VÀO LÚC | 2023-05-03 17:40:11.754318
